16248987713846870929 1
14868362239521571473 1
2636383158696398481 1
13473660682889907857 1
6115608676607967889 1
15393470666205218449 1
16248987713861385873 1
6148402568818311825 1
16248988713592176785 1
5117725928308657809 1
3029559558237638289 1
13493603567093468817 1
4077737572574219921 1
13489509123230584465 1
5639715805009462929 1
9528418776958027409 1
10050460627440287377 1
3551549434938443409 1
4945154715328692881 1
16248988713466708625 1
4945162938010026641 1
10050460627442255505 1
6148397812561461905 1
9280485828648287889 1
3551565880301110929 1
16570361524548518545 1
6115770213029102225 1
3420593076260750993 1
16248988213656666769 1
5117725864068959889 1
2636383174756322961 1
13489510151065751185 1
9528369763328116369 1
3420535034811958929 1
9280485827644542609 1
4077737444094824081 1
13473196351299571345 1
4732738464672960145 1
4732738432553111185 1
15392451053970768529 1
15392451053719832209 1
3417456203946444433 1
4879644580896817809 1
16831382320807395985 1
6149422181303698065 1
6115736128168641169 1
13493603309126995601 1
9528419034924500625 1
16426246336472662673 1
3029559815196429969 1
